/*!
 *
 * Jquery Mapael - Dynamic maps jQuery plugin (based on raphael.js)
 * Requires jQuery and Mapael >=2.0.0
 *
 * Map of middle_east_n
 *
 * @author Nilou Houshmand
 */
(function (factory) {
    if (typeof exports === 'object') {
        // CommonJS
        module.exports = factory(require('jquery'), require('jquery-mapael'));
    } else if (typeof define === 'function' && define.amd) {
        // AMD. Register as an anonymous module.
        define(['jquery', 'mapael'], factory);
    } else {
        // Browser globals
        factory(jQuery, jQuery.mapael);
    }
}(function ($, Mapael) {

    "use strict";

    $.extend(true, Mapael,
        {
            maps :  {
                middle_east_n : {
                    width : 1775.58905,
                    height : 1700.98389,
                    getCoords : function (lat, lon) {
                        // todo
                        return {"x" : lon, "y" : lat};
                    },
                    'elems': {
                        "path2190" : "m 1625.188,684.288 c 1.3986,-2.08921 -1.9967,-0.347 0,0 z",

                        "path2192":"m 1698.268,699.552 c -0.022,-1.2835 -3.5919,0.0422 0,0 z",


                        "path2194" :"m 1708.918,698.112 c 13.8808,-0.89399 -6.5985,-6.60011 -1.3868,-0.4465 z",


                        "path2592":  "m 1702.658,660.279 c -3.6853,-5.72936 -6.222,-13.04569 -9.5282,-19.93253 -11.6387,0.94612 -30.7918,1.18935 -34.7585,16.55767 -8.1777,-3.17162 -20.6288,-3.09872 -30.1729,-3.35639 -0.7529,7.02874 -7.5148,16.73544 -2.4115,21.35225 2.8303,9.61896 1.8617,25.03459 15.7301,19.507 6.212,-7.02288 19.5851,-7.95207 28.5969,-12.1172 8.4775,-9.51986 26.0137,-7.10292 28.6098,-20.25392 l 2.0454,-0.77686 1.8869,-0.98002",


                        "jo": "m -330.65089,-55.434653 c 5.29523,-25.607455 5.69402,-55.940557 10.17363,-78.788017 24.27462,31.36436 63.97977,-43.49779 64.75465,7.18727 17.79671,17.66666 -57.85525,13.61054 -26.43595,32.487267 24.9461,16.566169 -7.40496,21.974986 -17.62385,35.91155 -5.95188,12.673455 -21.03035,5.284402 -30.86848,3.20193 z",


                       "path2704":  "m 1703.018,595.872 c 3.8615,-1.20681 -2.7661,-0.75911 0,0 z",



                      "path2784": "m 1686.389,594.576 c 2.8562,4.13894 12.4058,0.74376 19.441,0.937 2.1191,0.55617 12.6509,-22.37909 14.4065,-12.55175 4.7231,6.61097 -1.7994,6.2278 -2.4985,7.70475 3.4561,7.74595 -4.2091,7.91138 -3.7929,17.82925 -11.5406,-0.79797 -23.1584,-0.64179 -27.5561,-13.91925 z",


                      "path3456": "m 1489.389,452.376 c 5.498,-4.53057 -0.964,-14.22775 10.0005,-10.39525 4.0038,-0.30324 7.0154,5.81223 10.7815,7.22437 -6.8013,0.26051 -14.3042,1.9456 -19.125,9.00288 1.095,-7.03659 7.4532,-3.02858 -1.657,-5.832 z",


                      "path3458": "m 1490.328,463.248 c 0.2588,-10.5894 12.0851,-8.11511 15.602,-7.892 8.1729,1.75535 0.7773,-3.85531 10.178,-2.908 -14.1061,-4.35324 4.5276,-3.9152 9.7785,-3.56512 7.7935,-8.13992 23.0935,-9.75701 30.2925,-4.43388 4.0152,1.19395 10.7845,4.96133 17.4654,6.1585 10.2868,1.41425 19.0784,-3.17373 27.9476,-4.5375 5.2666,-2.17115 11.2132,3.16219 11.7212,8.97462 -0.704,4.85455 13.6414,4.02117 6.6868,6.83438 -4.5024,3.62831 2.4305,9.73482 1.08,15.152 6.753,4.26829 2.0218,9.69998 -1.992,5.103 -11.7187,-0.71399 -21.9732,1.98315 -34.7154,5.215 -5.5088,-3.29324 -12.6304,0.87879 -17.1816,-0.215 2.45,9.68342 -8.9477,7.03128 -3.344,-1.118 -3.6296,2.23281 -7.5692,0.29554 -12.8069,1.63775 -5.6542,10.80008 -16.935,-0.21877 -25.7327,-1.96063 -1.7407,10.4606 -11.4882,3.22007 -16.0962,0.59372 -4.67,2.69695 -1.5396,-0.55731 -8.0132,1.00616 10.0295,-2.16798 1.2092,-3.06073 -0.7759,-3.61925 3.2237,-2.05906 -3.3478,-3.89331 -1.6519,-7.72959 -6.421,-0.29509 -7.57,-8.10627 -2.2779,-3.29229 2.6832,0.0582 -1.5306,-3.57031 0.033,-4.66012 -4.1149,-4.1684 3.346,-6.85822 -6.1971,-4.74375 z",



          "iq": "m -261.99126,-149.43292 c 30.81816,-9.6869 55.91757,-36.27871 40.97539,-69.2449 12.48429,-16.58251 40.21658,-34.8719 55.55385,-16.7647 19.97886,-10.83945 16.85895,34.18587 39.99119,27.8818 7.21238,6.50687 -3.73337,26.49833 -7.95215,34.34108 4.30131,20.54912 18.8099,36.11099 40.1389,45.17681 19.681597,17.40553 10.702722,39.543465 29.852527,57.195585 -8.044204,-2.122368 -34.072284,-3.936889 -34.282294,20.837028 -15.554813,1.582742 -35.886203,1.436237 -48.338843,-9.579253 -33.40394,-23.148719 -63.53864,-57.56422 -106.57451,-60.63032 1.11696,-6.38169 -8.33182,-18.44175 -9.36406,-29.21313 z"


           "path4560": "m 1697.328,572.904 c 2.6109,-0.16058 -2.8023,-0.60825 0,0 z",


           "path4562": "m 1703.088,575.496 c 0.4584,-1.30377 -1.9153,0.45742 0,0 z",


          "path4564": "m 1716.048,571.68 c -13.5489,8.07758 11.527,-2.31141 0,0 z",


           "path4606": "m 1617.268,464.04 c 5.4552,-8.45025 15.7187,13.58316 23.579,-0.409 10.699,-7.14419 1.74,9.61178 11.745,8.737 2.8306,9.81274 15.5255,12.39241 24.499,15.54823 7.483,-2.16673 12.6563,-2.69165 14.349,-2.11423 -3.5315,-6.04071 6.1514,-4.8625 8.6959,-10.66113 9.8784,-3.12532 20.2215,2.35198 29.7234,6.94813 8.9766,4.63164 17.6697,7.25734 15.1109,19.62089 -4.2282,8.63596 0.082,14.92148 2.2355,25.41114 0.1379,7.41307 15.336,5.6468 5.844,15.04111 -6.9064,11.46612 16.7349,14.50711 15.0122,26.82681 10.2957,5.26214 -13.4322,6.25244 -7.7263,17.53173 -6.6036,-0.24922 -12.5914,-1.98138 -20.4406,-2.58768 -10.9907,1.55533 -12.9875,-7.64012 -18.397,-14.41025 -8.1708,1.88601 -15.6275,9.58815 -23.9795,1.31188 -7.4729,-4.67697 -18.7111,-9.78535 -20.2185,-18.13663 -3.5198,-4.88726 -6.5459,-9.78806 -12.998,-9.565 -2.128,-2.84081 -0.9339,-3.29686 -2.8986,1.76472 -7.058,-0.93816 -7.8753,-12.23096 -10.8754,-18.15272 -7.1172,-5.93252 -12.7587,-8.32399 -17.3914,-16.10006 -1.9193,-6.62298 5.8061,-7.59701 2.4734,-13.97294 4.7653,-3.5065 -9.5817,-2.05378 -8.1578,-9.53562 -4.4676,-7.25355 -6.9636,-11.64913 -8.3479,-19.30721 -0.2174,-1.42299 -1.2395,-2.53087 -1.8363,-3.78917 z",


           "sy": "m -324.20714,-147.09277 c 15.41207,-12.00562 20.41154,-28.79598 1.97719,-38.58625 -9.60852,-27.05614 14.50894,-22.13015 11.75525,-44.2814 29.68757,6.54647 60.74747,-2.25222 92.26827,-6.67887 27.30919,-12.80612 10.77496,12.00397 -2.50836,17.39406 18.30412,41.18808 -22.03916,63.31182 -53.98331,78.3706 -16.98103,19.44015 -48.82366,20.02888 -49.509,-6.21814",


           "path4692": "m 1741.968,630.145 c 3.7275,-3.74499 0.3206,-7.08242 0,0 z",


           "path4696": "m 1718.639,579.096 c 4.2592,-8.68154 2.4616,11.74617 0,0 z",



           "path4786": "m 1692.715,639.39554 c 12.0826,-3.49498 26.9719,-4.339 24.728,-19.53254 1.6368,-7.89575 -6.6836,-20.0144 1.801,-24.26688 -4.6272,-12.37492 5.3866,-3.15559 10.4516,2.30475 12.2766,1.11084 27.1189,15.03855 12.9551,25.15441 -1.3435,7.70854 -8.9892,1.59862 -7.2712,12.33035 3.9008,7.93535 -9.7718,5.15242 -9.4965,13.73221 -9.3162,-1.03121 -6.5252,12.16069 -16.602,8.64869 -11.5106,9.28784 -10.9993,-13.00209 -16.5979,-18.40286",


          "eg": "m -533.85064,-70.450965 c 1.44285,-23.978517 -2.68617,-46.619825 30.03538,-35.587955 24.42135,5.86337 63.26768,23.673484 75.45806,5.94802 13.13791,-12.64558 9.94978,2.414896 15.60412,-7.40796 13.83116,5.07272 29.81274,0.19916 17.33061,7.692951 9.60782,8.749228 36.75217,-2.343631 49.29153,4.070921 4.74616,12.529418 9.49233,25.058837 14.23849,37.588255 -6.3808,20.788489 -7.383,58.29204719 -29.70316,24.156856 -3.8636,-16.435071 -29.44021,-51.498511 -15.86205,-16.802635 11.50815,23.86194 25.60572,33.16612 30.01365,57.9042094 8.09598,23.1013836 40.05414,58.6085516 34.10852,68.5033336 10.15229,24.949799 -22.20407,31.334319 -31.9953,48.071419 -18.6208,-6.42067 -44.12479,-12.94644 -54.23201,-6.21693 -41.37759,-0.62167 -82.86327,-0.34837 -124.28778,-0.54341 -2.16343,-57.459452 -1.62705,-115.1154237 -5.80222,-172.430462 -0.9267,-5.089043 -1.95612,-10.240361 -4.19784,-14.946583",



           "path3234": "m 1619.718,661.32 c -0.4201,-2.48082 -6.0285,-3.22765 0,0 z",



          "path3380": "m 1624.548,662.653 c -3.7036,-9.88081 -13.3219,-17.52024 -16.484,-28.989 -11.3896,-5.10431 -14.1696,-16.40666 -15.5286,-27.48114 -1.1596,-7.93483 -14.6384,-12.91576 -15.3574,-22.67886 -6.4361,-5.8732 -9.2259,-22.15337 -18.369,-21.366 -0.016,-8.93216 1.5053,-12.98234 10.8582,-10.63811 4.6683,-7.6554 19.0901,-8.90546 6.6696,-17.1075 -3.5474,-3.7444 11.1257,-6.12652 15.0002,-7.42685 16.5522,2.25691 27.7228,16.48242 41.197,24.82672 12.056,0.82888 23.3005,1.50147 30.2703,10.33799 0.012,4.23534 10.8864,9.56124 10.4463,12.13666 1.0617,6.73023 3.0746,12.97634 11.0094,18.19409 3.1916,5.38528 12.9428,18.45028 25.2512,15.61989 13.2833,-1.83009 10.3741,23.35364 0.042,26.24111 -15.0415,9.39644 -38.6041,2.27042 -48.8232,18.32938 -4.429,10.456 -18.1049,-4.35346 -27.8035,2.14558 -9.5358,-5.70912 -2.5681,7.45073 -8.3789,7.856",



           "path5480": "m 1617.268,657.504 c 1.0647,-0.3169 0.071,1.42571 0,0 z",


           "path5482": "m 1617.628,658.008 c 1.5675,1.98604 -2.0546,0.5126 0,0 z",


           "path5488": "m 1668.889,568.368 c 0.4766,-1.18973 2.8529,1.04732 0,0 z",




           "il": "m -347.23001,-98.728465 c 7.11989,-12.468465 15.41315,-64.495485 24.63011,-38.967825 6.58797,23.21764 -18.29393,-3.94293 -11.99167,23.4603 9.55308,0.88775 -7.88361,20.022316 10.76093,8.25041 -0.78542,21.019553 -7.00275,66.596141 -16.31556,26.041801 -2.36127,-6.261562 -4.72254,-12.523124 -7.08381,-18.784686 z",



           "lb": "m 1529.1163,473.25355 c 1.2649,-5.55316 6.8008,-20.52623 9.9081,-9.21531 -3.4973,2.85539 -4.4399,9.11677 -9.9081,9.21531 z",


           "path5440": "m 1657.008,545.256 c -2.7981,4.41189 4.3868,3.85973 0,0 z",


           "path5486": "m 1645.708,552.815 c -0.2313,-7.53695 11.5052,-11.01303 10.2402,-4.36681 -3.6973,0.98407 10.2178,12.44237 -1.5732,9.15281 -1.1462,-4.82647 -4.562,-4.01461 -8.667,-4.786 z"


           "kw": "m 1623.295,511.16096 c 18.2012,-6.55692 -11.9902,-20.00776 -4.3471,-1.87908 l 1.8113,1.36233 z",


           "qa": "m 1649.7863,540.78955 c -0.7415,-5.78533 6.2939,-9.95078 6.479,0.648 0.5909,6.8601 -7.2853,7.52974 -6.479,-0.648 z",


           "cy": "m 1507.5863,456.76555 c 2.599,-2.08548 22.2793,-9.16851 11.6096,-1.415 1.845,2.09808 -10.4275,8.03957 -11.6096,1.415 z"



       }
   }
}
}
);

return Mapael;

}));
